 Date : 2019-06-07 12:38:26.341836 entry: w5jDicOfw5zCrQ==
 Date : 2019-06-07 12:38:26.341836 entry: w6vDkMOYw5zCvMOnwrzDkcOY

